4.958366385136820931e-01 -1.253575066666776650e+00
3.527035456505516198e+00 6.755961136303695325e-01
1.319895778370296924e+00 1.701317946080932009e+00
4.615446406298950421e+00 2.673782452939517107e+00
1.354868540236721985e+00 1.557095567529456659e+00
1.300944099826213396e+00 7.612191768605367503e-01
1.933989379388257213e+00 1.615462489022582826e+00
1.966176194799808430e+00 -1.450703153580164440e+00
1.177563732636974336e+00 3.789627576293463918e-02
4.376616598489297516e+00 -7.841431180653790634e-02
2.489869176091368708e+00 3.891287232637020477e+00
3.610343638011396461e+00 1.076248929666490106e+00
3.085904002515395206e+00 1.032106695398339102e+00
7.750300277170338870e-01 1.920354777256391365e+00
2.609355336267905834e+00 1.827554418297592465e+00
2.330152805187459819e+00 3.479992804820393193e+00
2.533431651529190365e+00 3.508375337024527418e-03
4.393619106971757837e-02 7.409749983754491121e-01
2.961485859767706508e+00 -3.569715658417833559e-01
-4.056660862561920489e-01 -9.670866115888283598e-01
9.560324231562369324e-01 -8.230482189396088888e-01
2.410110464849333667e+00 1.566314750014329071e+00
5.352577864677114938e-01 -2.625237764141779007e-01
3.354046428449047212e+00 2.724555103735281314e+00
-4.229571605843140958e-02 -9.492315789101402057e-01
2.734288985389521365e+00 -5.121749874464476271e-02
4.169220125471108318e+00 2.267387254142715136e+00
2.326318761734107454e+00 1.473482864496158173e+00
6.640252837724038848e-01 1.929464809509770840e+00
1.175462359719195105e+00 1.680783361767531625e+00
1.023638831835348206e+00 2.072697969967859155e+00
4.714127011889511998e+00 2.867392427229273011e+00
9.173715884663851128e-01 -3.253018094167068330e-01
5.868310309748148157e-01 1.313967359325837192e-01
4.080376674142904836e-01 2.750463630459409892e-01
1.196265983199422678e-01 1.230277248066452556e+00
8.909354303014471732e-02 4.945484666398020090e-01
2.386422458893509013e+00 5.635620009008571740e-01
2.276794818517855479e+00 2.338790852454302183e+00
5.910806631073890927e+00 3.062177508735677733e+00
3.354834767670111795e+00 2.004645255588073827e+00
4.332789871280877669e+00 5.112890608650639379e+00
-1.383732144044200751e-01 1.668250129142610394e+00
-2.952993538317594258e-02 4.276464891209407204e-01
-3.527755911788457155e-01 -2.160232261159217959e+00
4.005654454550171550e+00 2.677051473112435964e+00
3.192021883384817293e+00 1.828787690391429965e+00
2.884698475559254405e+00 2.687802168754044541e+00
1.390764032200054068e+00 3.526897394841853606e-01
1.718837184136861707e+00 5.179471192858116080e-01
1.029707175467834857e+00 1.281940678838525693e-01
1.667787685342240644e+00 1.982418650106627211e+00
-4.899070528617017750e-01 4.015382864078818059e-01
3.590745092005436234e+00 1.834922602020432780e+00
4.252589557860715352e+00 2.915207673609390593e+00
1.584259103401578272e+00 3.964498813076673400e-01
-7.782509419853500532e-02 -1.651774299480286867e+00
2.931152091132999793e+00 2.735138450468865834e+00
1.427713305779342967e+00 1.205025319218201219e+00
1.455568867486474183e+00 8.003057120714279771e-01
5.112714825338702695e+00 3.085834519794321107e+00
2.969045358682305125e+00 1.476949472752557169e+00
2.257258413789509532e+00 1.841072305370309081e+00
2.064263202344506443e+00 -5.361187440034316243e-01
7.446392020745677964e-01 5.730404481835835728e-01
2.432153307864779457e+00 -5.730523071208346586e-01
1.401995306046094569e+00 5.188028685441835597e-01
-4.385637341543677792e-01 1.084897845873328270e+00
-2.462945635525581878e-02 -8.653265402512582138e-01
1.555441102094376360e+00 1.449150936058779315e+00
4.391427351128935008e+00 1.339851577565416729e+00
1.715656863365208062e+00 2.441801974951288479e+00
1.343062537314805294e+00 2.468032832873358284e+00
6.537051381943577155e+00 3.292402526894770531e+00
1.523438758018933470e+00 1.779535524408950353e+00
2.152907237358140158e+00 1.017633828817507302e+00
3.395659214485068134e+00 -9.745467058173429287e-02
1.064448648663498531e+00 -9.011264780403782648e-01
7.154680529365791131e-01 -3.842671212106820722e-01
4.490559977494139599e-01 -6.550391015930578931e-02
1.970657890254800870e+00 1.290640180184234653e+00
3.799758394305416509e+00 2.808285150562678467e+00
-1.026744123809021580e+00 -1.766790434069849258e-01
2.848828686478094951e+00 2.563976475740370464e+00
1.118448533569983638e+00 1.274127282324366117e+00
2.049798993306382044e+00 7.195744793535208128e-01
2.173013000858512456e-01 -4.766677382128765572e-01
-2.266185813983727648e-01 1.513716023606391792e-01
2.515501111340247675e+00 1.279327058424324814e+00
-4.989508269813813790e-01 -1.228153925389518619e+00
3.777685010382620057e+00 1.080567531221533706e+00
6.935915186930632359e-01 -7.971892696933680078e-02
2.493107045427932711e+00 2.447114062733933171e+00
2.978481787546460868e+00 -3.697845775089376730e-01
3.363021994103103651e-01 1.221718572600930086e+00
-1.159843281226736522e+00 -2.110483601768653461e+00
5.790280286614539751e-01 1.851099019889800079e+00
1.598662170351633272e+00 9.880543674083358541e-01
3.758318738427064432e+00 7.863745429925583785e-01
1.782740282190951264e+00 -1.018360019343638623e+00
1.160304327816445102e+00 -9.543300949578532588e-01
1.938391935420293866e+00 4.119202040452927260e-01
3.486838515305581421e-01 -2.258550862777437551e-01
3.668838501454421142e-01 -2.165667821245880198e+00
1.459647548407203121e+00 5.265990784543224112e-01
5.286538641391098636e-01 1.785627229508966130e+00
2.094557742570962500e+00 -5.282882535480721842e-01
1.640472640678618532e+00 5.269808213411109055e-02
1.840206263135881315e+00 2.319271880747958203e+00
3.006222694699573150e+00 1.469202915391367270e+00
1.291254917521238443e+00 1.629363845224715446e+00
1.453457245520487273e+00 1.219444978637391763e-01
3.153682281190135939e+00 5.130111797381113892e-01
3.393321431121124832e+00 1.467886824593350958e+00
7.779896990573094140e-01 2.587696931443499437e+00
3.036460464799885628e+00 1.618094984823540194e+00
4.088996527175790874e+00 3.938332313918960992e+00
4.573027918997562224e+00 2.290916721247383769e+00
2.211814269699465374e+00 -1.765004063235803056e+00
1.316179182446906903e+00 1.448864751267420203e+00
7.823240711619263710e-01 -1.518884081510104345e+00
1.488342074454877650e+00 3.040200395449480730e+00
2.551309504217814883e+00 5.100750628874721748e-01
3.566438271018539830e+00 1.191035928057713411e+00
1.768998200365526685e+00 2.307974357012301247e+00
1.743047554592958015e+00 -9.176214335546051259e-01
2.021556681323898541e+00 4.528169297439730290e-01
1.152273151331838275e+00 -6.885289552479423314e-02
1.657127868742193755e+00 4.328262339984924045e-01
4.645386528989345010e+00 3.711858024694382419e+00
3.029265987831043283e+00 3.085865120458700872e+00
3.260424276458488535e+00 1.404807172832697848e+00
1.602341666114065255e+00 1.419465712435363569e+00
1.046694296239155220e+00 2.369091444360667431e+00
-1.232400694149531351e+00 1.936382547223498563e-01
3.334883529921444101e+00 2.390777824272937169e-01
8.001156715421171572e-01 -7.886854775589213773e-01
1.508966599630890082e+00 1.397545410600329552e+00
2.813062601336441482e+00 4.116987904667262832e+00
6.793007502678325427e-01 1.774879992719364807e-01
5.150293616569283639e-01 3.026791963717977429e-01
2.074544674885939521e+00 6.392860543589165001e-01
2.702169544065569973e+00 2.108351875426348609e+00
7.916811862597170624e-01 1.323555623767666445e+00
2.357547260954847790e+00 1.509381059006964509e-01
4.020683165748055288e+00 2.840283026187976567e+00
2.102990729397966163e+00 9.642682826566142396e-01
3.114726234613768074e+00 3.634249408656196501e+00
1.268452742147302637e+00 -8.958483033510762361e-01
3.391243786465589771e-01 6.866307060682479424e-01
