-1.085630603300561159e+00 9.973454465835858151e-01
2.829784980519920445e-01 -1.506294713918091999e+00
-5.786002519685363721e-01 1.651436537097151103e+00
-2.426679243393074170e+00 -4.289126288561772582e-01
1.265936258705534057e+00 -8.667404022651017392e-01
-6.788861516220543457e-01 -9.470896893689112472e-02
1.491389626124287826e+00 -6.389019966846509746e-01
-4.439819596460654605e-01 -4.343512756185173296e-01
2.205930082725455765e+00 2.186786088973786679e+00
1.004053897878877111e+00 3.861863991748559766e-01
7.373685758962421621e-01 1.490732028150798971e+00
-9.358338684023913556e-01 1.175829044782103372e+00
-1.253880667749012412e+00 -6.377515024534102794e-01
9.071051958003012450e-01 -1.428680700225968936e+00
-1.400687201886660904e-01 -8.617548958596854547e-01
-2.556193705305969122e-01 -2.798589105460724369e+00
-1.771533104509847023e+00 -6.998772345979172860e-01
9.274624317585824507e-01 -1.736356827902157951e-01
2.845915896811019620e-03 6.882227111022849453e-01
-8.795363430090519241e-01 2.836273238072909986e-01
-8.053665180656157663e-01 -1.727669494120607219e+00
-3.908997937551009771e-01 5.738058624050577095e-01
3.385890509998015219e-01 -1.183049447881976031e-02
2.392365265937725916e+00 4.129121603087788084e-01
9.787360059373465537e-01 2.238143338497952772e+00
-1.294085323161248802e+00 -1.038788210204953488e+00
1.743712225122930670e+00 -7.980627352410625264e-01
2.968323030333022000e-02 1.069315969424348589e+00
8.907063912931707517e-01 1.754886181981109461e+00
1.495644137033469212e+00 1.069392669705736765e+00
-7.727087142471914527e-01 7.948626677932181250e-01
3.142719945068670473e-01 -1.326265459940455971e+00
1.417299046476852453e+00 8.072365345785664781e-01
4.549008063109715588e-02 -2.330920609844135127e-01
-1.198301144700786969e+00 1.995240735586325809e-01
4.684391194456442586e-01 -8.311549842432791602e-01
1.162204049099529346e+00 -1.097203046483034239e+00
-2.123100350042441686e+00 1.039727090892700545e+00
-4.033660381021075270e-01 -1.260295853130151411e-01
-8.375167228250532947e-01 -1.605962760717402737e+00
1.255237374724218480e+00 -6.888689838469215232e-01
1.660952488147939610e+00 8.073081862107286399e-01
-3.147581467174599412e-01 -1.085902401126866534e+00
-7.324619867204570367e-01 -1.212523131095169626e+00
2.087113359588185446e+00 1.644412302298249584e-01
1.150205542546632209e+00 -1.267352049010227466e+00
1.810351295970038799e-01 1.177861938808578257e+00
-3.350107619330158770e-01 1.031114458921742250e+00
-1.084567912005766521e+00 -1.363471544618584330e+00
3.794006120781361346e-01 -3.791764345725521790e-01
6.420546892718314025e-01 -1.977887931520448950e+00
7.122646354705182148e-01 2.598303927269314695e+00
-2.462598143148062718e-02 3.414212890984157089e-02
1.795494846386791465e-01 -1.861975710791787142e+00
4.261466396903099141e-01 -1.605409744015964701e+00
-4.276795981238043498e-01 1.242869549603736967e+00
-7.352169561000764242e-01 5.012489895674000495e-01
1.012739053956370539e+00 2.787408560959998005e-01
-1.370948470094607741e+00 -3.324752753514139125e-01
1.959411342388285959e+00 -2.025045762997470966e+00
-2.757860138661754612e-01 -5.521080714881078100e-01
1.207473630971386824e-01 7.482156171872303974e-01
1.608690968022053358e+00 -2.702323920091581066e-01
8.123413299768204032e-01 4.997401448651729305e-01
4.743472978718002997e-01 -5.639239315264724661e-01
-9.973214687759006658e-01 -1.100043112620697094e+00
-7.564372093991232893e-01 3.216865758662266206e-01
7.609493931283295431e-01 3.234688478568951697e-01
-5.489550961957408992e-01 1.805970109932474976e+00
1.518865623631539874e+00 -3.540001127501733458e-01
-8.234314059856658874e-01 1.302149541579695757e-01
1.267298645054352857e+00 3.327649772541170781e-01
5.565487049100442674e-01 -2.120801222756257265e-01
4.562708952022306863e-01 1.544544451456138390e+00
-2.396687814777107572e-01 1.433077325078725428e-01
2.538164765496273567e-01 2.837253557710373020e-01
-1.411888876071227372e+00 -1.876868655873894509e+00
-1.019655070921839268e+00 1.679422954016681624e-01
5.538561660032111922e-01 -5.306745597736240994e-01
1.377257482867306759e+00 -1.431759743261870887e-01
2.031599823462458890e-02 -1.939638705526624263e-01
1.340267927466651243e-01 7.044740740436035153e-01
6.656534379123312251e-01 -8.984229406095901593e-01
1.523663776478527465e+00 -1.095026457426917510e+00
7.922701409061239097e-02 -2.743965735223525826e-01
-1.048991677318487303e+00 -7.512058797383151798e-02
-7.408137732923983920e-01 7.290724327605223321e-02
4.030859612193670172e-01 1.471929368973271535e+00
3.073842186274144961e-01 -6.112253403048248934e-01
-3.916198107196015576e-01 1.399781061145636274e-01
9.346082946215117371e-02 1.459589268228420833e+00
1.395352929756954685e+00 -3.589359262422612828e-01
-5.486421281861982857e-01 -2.557054604067858339e+00
-5.489204133222200799e-01 -9.780577060842836623e-01
-3.548244580948187177e-01 3.915842423501110781e-01
1.771923291989878912e-01 -2.996800704754225969e-02
1.995821110885137029e-01 -1.261177732309917143e-01
1.970189325434760774e-01 -3.231055007919312327e+00
-2.692934897507542336e-01 -1.108507210530070008e-01
-3.412617162065857968e-01 -2.179462621029417679e-01
7.033101178067301396e-01 -5.981053313408254413e-01
2.200702099217128005e+00 6.882969302220883767e-01
-6.307250913872171870e-03 -2.066623031975665103e-01
-8.652228638213517453e-02 -9.153070699439787017e-01
-9.520253925800947759e-02 2.786835167270543812e-01
5.795416155732296959e-01 5.796897791443336168e-01
-2.748775465659346606e-01 -1.416082252521930318e+00
-6.691026262334455188e-01 1.612193042812388066e+00
8.960583134099477931e-01 3.696195863041740748e-01
-7.612942447601238616e-01 3.645154973777970861e-03
-1.255668685662481909e+00 -5.519368756960736366e-01
-2.452033416851950587e-01 -3.616399318652129824e-01
9.566019310560119893e-01 -1.418725914035452451e+00
-8.654322715151541168e-01 -1.374687971022219291e+00
-1.237353212687853921e+00 1.240558964466488834e-01
-1.600440533056271653e+00 7.538687788376366994e-01
-2.468157769410755376e-01 6.878833252597749137e-02
3.225767379972037663e-01 -4.341665202515910815e-01
1.032479715753377603e+00 -1.943427267276350290e-01
5.940702552390699775e-01 -1.991123827572522376e-01
2.908743874249233863e-01 2.796626701579614238e-01
2.499699394555310872e-01 -9.743078496209195416e-01
4.358757705474399780e-01 -3.189569890995958001e-01
6.304880304899179722e-01 -2.152493444412304058e+00
-1.465116222054950956e+00 3.634455621350286547e-01
1.862927585105228712e+00 8.350587468112365963e-01
-6.824509341999804857e-01 -1.692052415377955921e+00
7.426862211616183096e-01 -8.058322204295080560e-02
5.907042178943853195e-01 1.152987222107910437e-01
2.964292512049523584e-02 2.958625445893176220e+00
-6.129961045578980437e-03 -1.592452092532648522e-01
-1.214486754040220579e-01 -5.835367167076569439e-01
9.901328947153126281e-01 -3.537543337813491839e-01
6.359427056445893234e-01 2.846030298135563963e-01
1.218985862132426323e+00 4.201795969883613258e-01
-1.213384780947647235e+00 -1.326487785053940716e+00
1.408369146076901446e+00 -6.087108032644418243e-01
-1.320602579789652120e+00 -6.696185998697583575e-01
1.264625286968007245e+00 -1.420212998948512162e+00
-8.664952037596095336e-01 -6.668075087965193992e-01
-1.251189873473195213e+00 -1.184327338511663719e+00
-1.518107975263658593e+00 -4.611874131367220686e-01
-3.549088317400850290e-01 -6.825381542033058802e-01
-1.653697838967641109e+00 1.253335946855995475e+00
-1.329078829172160470e+00 2.780337120228709713e-01
-1.074766593118875235e+00 6.683168667415276820e-01
9.558323551671645824e-01 -8.776135866276552067e-01
-1.923715729697125898e+00 6.957873191396076740e-01
1.875800546713635164e+00 4.156945398924339896e-01
1.605444214797180358e-01 8.197606096101891504e-01
7.650548459970178961e-01 -8.289888337610102909e-01
-6.591513106966476743e-01 6.111235500559109024e-01
-1.440133474802926805e-01 1.316605595863552303e+00
-7.043421471287583113e-01 7.506099168684812195e-01
3.426379813692277954e-01 -1.264375637096343541e-01
1.175910771834607127e+00 6.800715328674297178e-01
-1.004967153382104073e+00 6.402186804198471970e-01
1.374990631494199089e+00 -1.304446889846237190e-01
-2.486558503849733148e-01 -6.696471476435246206e-01
-1.360388567535100561e-02 6.862006860529099583e-01
-8.176682995787476482e-01 -1.346357560737240000e+00
-3.757499109819263383e-01 -1.379724978658749990e+00
5.232184412826316189e-01 -4.266897699938010935e-01
-1.755401844550806612e+00 -3.486075147385099271e-01
-1.926149857940904764e-01 4.491356133597169120e-01
-1.453635431542103507e-01 1.868726456839808536e+00
-5.187038515389994497e-01 -6.239854858230654833e-02
-1.029106142626705772e-01 -2.826283844070235363e-01
1.424255850129400036e-01 5.412312971976727116e-01
1.340098703536434677e+00 -1.569256127394463407e+00
-5.103428738061207559e-01 -4.477714253522431798e-01
9.378502973617059979e-01 -3.566630610733438900e-01
-1.895175593079318821e+00 8.773046386657640250e-02
-3.368923154093914074e-02 1.797515657713152359e-01
-1.040162880979482063e+00 1.719034681084503413e+00
-3.238597837853462447e-01 -1.882968584936668688e-01
-9.000085698091607744e-01 -9.310020038747236493e-01
-1.222736959748785379e+00 -3.933108517811568783e-01
-9.575818387566340517e-01 2.056467341225221457e+00
-1.888492380386815217e+00 -1.128330548181793791e+00
-4.014144284570147492e-01 6.734912780983247638e-01
-4.137568813800624468e-01 6.759633930029774751e-01
-9.868038892903219228e-01 5.929113389470674900e-02
1.744041087010833602e+00 -9.677443956994778995e-01
4.195676758953945096e-01 2.069275192832600863e-01
-2.251534985987869941e+00 -5.889705464706788129e-01
1.131151905305989303e+00 1.350776724846987076e-01
-1.212268962896063673e+00 6.907772729156428371e-01
-4.791229453143526773e-01 3.600507280808367683e-01
3.769201144376306267e-01 -1.118695601145572871e+00
7.898280347342986341e-01 -1.007508801235176055e+00
-1.305785866341639956e+00 -8.828289877220369952e-01
-3.460900338631944240e-01 1.094031564412623891e-01
-7.725837323724400463e-01 7.448193123951157846e-01
2.514641840435942188e-01 -6.947982151055027700e-01
8.889929175948555473e-01 1.161068357646483529e+00
-9.868469680951345857e-02 -2.149830449638908680e-01
-1.773771353256351713e+00 -4.075125923914689197e-01
-2.915067125653650892e-01 2.453794072596919840e-01
-1.684264316304727449e-01 2.440269381404946147e-01
