3.844707664769293071e-02 -9.484986261940768770e-01
1.613381535261023902e+00 3.809214337722265364e-01
-2.510374552120426261e-01 7.728453956729085528e-01
1.622208487850151482e+00 -4.971601466888654897e-01
6.914225452567888119e-01 1.943160170724708369e+00
-1.116564834235479697e+00 -5.492535887280628470e-01
-5.978550805922049349e-01 -1.583271370492201624e-01
-2.099737358841946844e-01 3.007954393670502213e-01
-8.203755201347369130e-01 -6.226634888808932899e-01
3.012904839825756853e-01 1.549118597337104386e-01
8.740798091601994502e-01 4.093550249256403539e-01
7.718466355607633833e-01 -1.142952039541500042e+00
-3.834163111157827819e-01 1.848379950883445311e+00
3.920780465516694457e-01 7.473929615463166254e-01
2.727347371627944494e-01 4.253358569287856716e-01
-2.309040515281735595e-01 3.571579218026311064e+00
-3.961559224096982690e-01 -3.832121774315162821e-02
-2.424836325455248964e+00 1.106266657594721758e+00
-5.522529496849271080e-01 -6.079410601164123712e-02
-5.280405508818312166e-01 -1.386829452748456204e-01
-2.842470984206298401e-01 -4.304177578064843912e-02
-5.280148265384672357e-02 -1.542053114858826512e-01
-1.678772265462794844e-01 1.308518452326016934e+00
8.814169197592582883e-01 8.874423184465896064e-01
-7.324488811117758624e-01 1.256820831848364239e+00
1.005340144757460807e+00 -7.772917625096917860e-01
6.167837545525376441e-01 -1.349443640202911077e+00
3.477122552564531066e+00 4.034915541488745205e+00
1.455592150368370863e+00 1.837167876365054298e+00
3.815911362393061612e+00 1.031499099184734369e+00
1.486360488798606605e+00 -1.503817799456988791e+00
5.273459661192093861e+00 1.550268564745306943e+00
6.157273371364989423e+00 3.687757859831157781e+00
4.682148150636283646e+00 3.631794391406195643e+00
5.512808835272810626e+00 2.965272524929746467e+00
-1.100220660513662185e+00 -1.612141278736354710e+00
3.081371235769714723e+00 -2.107181960416790734e-01
2.266776590569459238e+00 1.334812373023545273e+00
3.876713732191048756e+00 3.055160162401891366e+00
7.872998350089146502e-01 -7.052115198602777468e-01
3.685544453888605076e+00 -2.024159925785053993e-01
2.965801125809319760e+00 3.461607883104688366e+00
3.467636162827526292e+00 1.152825360303003199e+00
2.888872307389140026e+00 1.807602931207510810e+00
3.329303266467713129e+00 2.508224625074876091e+00
3.118361777503465326e+00 3.212963077715844218e+00
2.361052960768875941e+00 3.228194323374179664e+00
2.610248349801946866e+00 4.143265302201691869e-01
1.855609356872164106e+00 -1.088222770994949684e+00
2.670069248428130315e+00 1.669962437671077549e+00
3.568682826187774548e+00 -2.718859843674801269e-01
3.008597487074049948e+00 2.246516775786187026e+00
2.721029673139153893e+00 3.512031163099040842e+00
1.757152613480052361e+00 2.990687861641683210e-02
9.534774515073902723e-01 2.586126682657535092e+00
5.847974094356516161e-01 1.225084807792925501e-01
2.581340140334999589e+00 3.885958568560816673e+00
8.160156441577712805e-01 -3.938612676586334960e-01
2.806108040398036074e+00 1.540371741756599855e+00
3.804961445968806366e+00 2.139170125289703961e+00
2.343504337195999376e+00 -1.212858188714622365e+00
2.304223359264942594e+00 1.465098598912554451e+00
2.706789892236608708e+00 3.952126265971234176e-02
2.677679463083593170e+00 3.217991918623518632e+00
2.786511795240556033e+00 3.212959657352539189e+00
1.827243124218036696e+00 2.354305767414588857e+00
3.340533520815442969e+00 6.908939590806096875e-01
9.632362837386427845e-01 -6.135861860554614466e-02
-4.050174740702430221e-01 -1.432560133178819584e-01
2.598952097575355502e+00 9.630260767437954783e-01
1.836876048948691498e+00 1.105873635904385921e+00
2.484575804536887755e+00 2.675258167406856735e+00
2.785794685900999657e+00 1.187543111445076072e+00
2.498851391908534669e+00 1.825559144527901578e+00
2.752149594659192289e+00 1.943026154722454546e+00
-1.350475309756041131e+00 -2.426290535260431369e+00
3.710779439526058265e+00 3.523107152557779509e-01
2.722835677087538819e+00 1.541462333400448470e-01
2.352760122572636448e+00 1.567165637667175426e+00
4.008677471097381151e+00 3.231363431107876938e+00
2.544234820419535303e+00 -2.901416191474517348e-01
3.774955269845911232e+00 1.860020722738434662e-01
-1.633302255045672169e-01 -6.958431565867029267e-01
2.335516679680887719e+00 1.104383511389230188e+00
6.808553440698932313e-01 -4.523148565645824792e-01
5.210005957649099795e-01 1.668667116254483940e+00
3.196576286482619267e+00 6.513565918372710151e-01
1.999584965020911875e+00 3.020020735756917762e+00
2.243225508385061850e+00 5.328217877097396471e-01
1.018716045342167309e-01 5.131964740292547233e-01
3.269810292720394251e+00 8.952840359441409657e-01
5.191967870205884239e+00 1.655025828841163227e+00
2.956125708964695509e+00 6.929558868085822221e-01
-3.175494453229226188e-01 -1.234764558722349470e+00
3.375444601191333049e+00 4.381830783953418518e+00
1.303450356720461389e+00 1.300441899058844220e+00
9.549842452288572758e-01 3.743785646962906055e-01
1.190209507333979122e+00 5.278680874554391167e-01
3.095721639925113955e+00 2.614359288297097628e+00
8.945092977843485116e-01 -4.025553298428061755e-01
